%YAML:1.0
---
# Camera are sorted per rig index.
# K : camera matrix
# D : distortion coefficents
# TR : inter-camera transform matrix
K0: !!opencv-matrix
   rows: 3
   cols: 3
   dt: d
   data: [ 1.4858477424023663e+03, 0., 7.0136982321659991e+02, 0.,
       1.4858477424023663e+03, 4.9015418632586523e+02, 0., 0., 1. ]
D0: !!opencv-matrix
   rows: 1
   cols: 5
   dt: d
   data: [ -2.0852839366942758e-01, -6.0044746057908709e-02,
       -5.3282856987911173e-03, -6.7565795134373286e-03,
       7.9561628403512386e-02 ]
TR0: !!opencv-matrix
   rows: 3
   cols: 3
   dt: d
   data: [ 9.8718850713092898e-01, -3.5463892706075113e-03,
       -2.2590724742584129e+01, -2.0610547439269731e-03,
       9.8674960726055405e-01, 4.1079462290081400e-02,
       -4.2101435881564655e-06, -4.2800310757025519e-06,
       9.9999999999999989e-01 ]
K1: !!opencv-matrix
   rows: 3
   cols: 3
   dt: d
   data: [ 1.5214795311989053e+03, 0., 6.8188648074265564e+02, 0.,
       1.5214795311989053e+03, 4.7037214318109324e+02, 0., 0., 1. ]
D1: !!opencv-matrix
   rows: 1
   cols: 5
   dt: d
   data: [ -2.2207029846452264e-01, -6.9850593901066724e-02,
       -6.5412936220907670e-03, -1.0220665858158257e-02,
       1.0154209702990787e-01 ]
TR1: !!opencv-matrix
   rows: 3
   cols: 3
   dt: d
   data: [ 1., 0., 0., 0., 1., 0., 0., 0., 1. ]
K2: !!opencv-matrix
   rows: 3
   cols: 3
   dt: d
   data: [ 1.4140743431551975e+03, 0., 7.4922941063354915e+02, 0.,
       1.4140743431551975e+03, 4.7979966771403315e+02, 0., 0., 1. ]
D2: !!opencv-matrix
   rows: 1
   cols: 5
   dt: d
   data: [ -1.9047786139086634e-01, -1.2875773660514594e-02,
       -1.2609342646922009e-03, -1.8228028938450214e-02,
       -4.7436758499747262e-03 ]
TR2: !!opencv-matrix
   rows: 3
   cols: 3
   dt: d
   data: [ 9.9963275502801463e-01, -5.0324262307359317e-03,
       -3.8518038376980215e+00, -2.9263068811701757e-04,
       9.9437528812366482e-01, -6.9734867399224765e+00,
       2.7239844218037756e-07, -7.0126214759332428e-06,
       9.9989743870220260e-01 ]
K3: !!opencv-matrix
   rows: 3
   cols: 3
   dt: d
   data: [ 1.5464250574935581e+03, 0., 7.0541457437735846e+02, 0.,
       1.5464250574935581e+03, 4.6835422698743884e+02, 0., 0., 1. ]
D3: !!opencv-matrix
   rows: 1
   cols: 5
   dt: d
   data: [ -2.3042723105200047e-01, -3.8461189788313477e-02,
       -6.0272579244819713e-03, -1.2937895679995719e-02,
       4.3471433263759400e-02 ]
TR3: !!opencv-matrix
   rows: 3
   cols: 3
   dt: d
   data: [ 9.9427445717754959e-01, -8.9491701094851885e-04,
       -8.4860163522742997e+00, 1.5633383451427152e-03,
       9.9262596831385375e-01, 5.3670135027718819e+00,
       6.9146427169318694e-07, -5.0346124438675781e-06, 1. ]
K4: !!opencv-matrix
   rows: 3
   cols: 3
   dt: d
   data: [ 1.4204383622952421e+03, 0., 6.1757775127240575e+02, 0.,
       1.4204383622952421e+03, 4.6535777921526665e+02, 0., 0., 1. ]
D4: !!opencv-matrix
   rows: 1
   cols: 5
   dt: d
   data: [ -2.0434727699380478e-01, -3.4905390977257374e-02,
       1.3889120393406357e-02, 2.6101393763987807e-03,
       6.1235624859023924e-02 ]
TR4: !!opencv-matrix
   rows: 3
   cols: 3
   dt: d
   data: [ 9.9371734299990810e-01, -6.7820760536096321e-03,
       -1.5723391543545739e+01, 9.3602312283146285e-05,
       9.9070221435328787e-01, -7.5980410631475181e+01,
       -7.2490741235093468e-07, -1.3326184188688238e-05,
       9.9983071640116417e-01 ]
K5: !!opencv-matrix
   rows: 3
   cols: 3
   dt: d
   data: [ 1.8397906229640037e+03, 0., 7.0749485092078748e+02, 0.,
       1.8397906229640037e+03, 4.8645499943021389e+02, 0., 0., 1. ]
D5: !!opencv-matrix
   rows: 1
   cols: 5
   dt: d
   data: [ -3.4582093079896331e-01, 7.8453458506150486e-02,
       1.4731166941865586e-02, -1.7312447090523566e-02,
       -2.8774753381946166e-01 ]
TR5: !!opencv-matrix
   rows: 3
   cols: 3
   dt: d
   data: [ 9.9243259681051277e-01, -7.3149759947560167e-03,
       -5.4545427936606492e+00, -3.4818709855051239e-03,
       9.8376234028358867e-01, -7.8029368884359570e+01,
       1.5101990227175121e-06, -1.4871130722223895e-05,
       9.9993969912799741e-01 ]
